,brown-haired,light brown,blond,red hair,black
woman0photo0,0.03820598006644518,0.06312292358803986,0.8704318936877077,,0.02823920265780731
woman0photo1,0.12468513853904283,0.25440806045340053,0.5780856423173804,,0.042821158690176324
woman0photo2,,,,,
woman0photo3,0.19830949284785435,0.4245773732119636,0.17620286085825748,0.16905071521456436,0.03185955786736021
woman0photo5,0.3467153284671533,0.4051094890510949,0.16058394160583941,0.0036496350364963502,0.08394160583941605
woman0photo6,,,,,
woman1photo0,0.12373737373737374,0.398989898989899,0.45202020202020204,,0.025252525252525252
woman1photo1,0.1485736414095779,0.21505098747902412,0.6180456951077836,0.000516328901510262,0.01781334710210404
woman1photo3,0.1444043321299639,0.36462093862815886,0.4187725631768953,,0.07220216606498195
woman3photo0,,,,,
woman4photo0,0.2032520325203252,0.34552845528455284,0.41114982578397213,0.005807200929152149,0.03426248548199768
woman4photo1,0.3073015873015873,0.3453968253968254,0.2946031746031746,0.0006349206349206349,0.05206349206349206
woman4photo2,0.23092926490984744,0.3737864077669903,0.2538141470180305,0.011095700416088766,0.130374479889043
woman4photo3,0.3205226748654881,0.2751729438893159,0.3178324365872406,0.014219830899308224,0.0722521137586472
woman4photo4,0.2718027734976888,0.31309707241910634,0.3106317411402157,0.01448382126348228,0.08998459167950694
woman5photo0,0.24859287054409004,0.3151969981238274,0.39305816135084426,0.005628517823639775,0.0375234521575985
woman5photo1,0.19913185024416713,0.41237113402061853,0.3168746608790016,,0.0716223548562127
woman5photo2,0.050129485756566776,0.34646688864224934,0.5863854975952645,,0.01701812800591935
woman5photo4,,,,,
woman6photo1,0.09895833333333333,0.2864583333333333,0.515625,,0.09895833333333333
woman7photo0,0.06441717791411043,0.09815950920245399,0.7852760736196319,,0.05214723926380368
woman7photo1,0.20344544708777687,0.27645611156685806,0.4003281378178835,0.04812687995624829,0.07164342357123325
woman7photo2,0.16091954022988506,0.3308702791461412,0.47372742200328405,0.016420361247947456,0.0180623973727422
woman8photo1,0.17540983606557378,0.31475409836065577,0.35737704918032787,0.0942622950819672,0.05819672131147541
woman8photo2,0.18536585365853658,0.23902439024390243,0.5073170731707317,0.004878048780487805,0.06341463414634146
woman8photo5,0.10089020771513353,0.2551928783382789,0.5964391691394659,,0.04747774480712166
woman8photo6,0.33004926108374383,0.2406755805770584,0.3011963406052076,,0.12807881773399016
woman8photo8,0.3400673400673401,0.22895622895622897,0.0707070707070707,0.02356902356902357,0.3367003367003367
woman9photo1,0.2816581487791028,0.10391822827938671,0.4077228847245883,0.022146507666098807,0.1845542305508234
woman9photo4,0.046052631578947366,0.16776315789473684,0.7693713450292398,0.0014619883040935672,0.015350877192982455
woman9photo6,0.16363636363636364,0.3,0.4090909090909091,0.00909090909090909,0.11818181818181818
woman9photo8,0.31,0.24,0.34,,0.11
woman10photo0,0.19144267690619857,0.35820076796489303,0.4136039495337356,0.005485463521667581,0.031267142073505214
woman10photo1,0.3111979166666667,0.3359375,0.3001302083333333,0.0006510416666666666,0.052083333333333336
woman10photo2,0.21447721179624665,0.322609472743521,0.291331546023235,0.014298480786416443,0.1572832886505809
woman10photo3,0.32090699461952343,0.2751729438893159,0.3178324365872406,0.014219830899308224,0.07186779400461184
woman10photo4,0.27373271889400924,0.31336405529953915,0.3087557603686636,0.014439324116743472,0.08970814132104454
woman13photo1,,,,,
woman13photo2,0.07423580786026202,0.11790393013100436,0.6681222707423581,0.08296943231441048,0.056768558951965066
woman13photo5,,,,,
woman14photo0,0.056291390728476824,0.22185430463576158,0.6788079470198676,,0.04304635761589404
woman15photo0,0.2923191648023863,0.41573452647278153,0.26994780014914244,,0.021998508575689784
woman15photo1,,,,,
woman15photo2,,,,,
woman15photo4,0.2,0.13214285714285715,0.5892857142857143,,0.07857142857142857
woman15photo6,0.14285714285714285,0.21428571428571427,0.5714285714285714,,0.07142857142857142
woman15photo7,,,,,
woman16photo1,0.11894736842105263,0.2897368421052632,0.3931578947368421,0.1813157894736842,0.016842105263157894
woman16photo2,0.10610932475884244,0.3665594855305466,0.4758842443729904,,0.05144694533762058
woman16photo4,0.16638655462184873,0.25798319327731095,0.21008403361344538,0.3411764705882353,0.024369747899159664
woman16photo5,,,,,
woman16photo6,0.12,0.2111111111111111,0.6377777777777778,,0.03111111111111111
woman16photo8,,,,,
woman17photo0,0.24130879345603273,0.4601226993865031,0.22699386503067484,0.010224948875255624,0.06134969325153374
woman17photo1,0.29,0.15,0.065,0.245,0.25
woman18photo0,0.13657407407407407,0.19444444444444445,0.5763888888888888,0.046296296296296294,0.046296296296296294
woman18photo1,0.14285714285714285,0.19815668202764977,0.5668202764976958,0.041474654377880185,0.05069124423963134
woman19photo0,0.30500758725341426,0.1058421851289833,0.5500758725341427,0.0007587253414264037,0.03831562974203338
woman19photo1,0.4272959183673469,0.3622448979591837,0.15178571428571427,0.01403061224489796,0.044642857142857144
woman19photo2,0.034739454094292806,0.13234077750206782,0.8089330024813896,,0.023986765922249794
woman20photo1,0.3914626075446724,0.34215751158173396,0.18894771674387822,0.01654533421575116,0.06088682991396426
woman20photo2,0.15018315018315018,0.304029304029304,0.3772893772893773,0.11721611721611722,0.05128205128205128
woman21photo0,0.2032520325203252,0.34552845528455284,0.41114982578397213,0.005807200929152149,0.03426248548199768
woman21photo1,0.30749682337992373,0.34561626429479037,0.2947903430749682,0.0006353240152477764,0.05146124523506988
woman21photo2,0.21358355674709562,0.322609472743521,0.291331546023235,0.014298480786416443,0.1581769436997319
woman21photo3,0.31886285055704955,0.27506723011909334,0.3184786784479447,0.014214368036880523,0.07337687283903188
woman21photo4,0.27244772447724475,0.31426814268142683,0.3093480934809348,0.014452644526445265,0.08948339483394833
woman22photo2,,,,,
woman23photo0,0.03993453355155483,0.31260229132569556,0.6360065466448446,0.0003273322422258593,0.011129296235679214
woman23photo3,0.08139534883720931,0.29651162790697677,0.5465116279069767,0.011627906976744186,0.06395348837209303
woman25photo1,0.2096069868995633,0.2561863173216885,0.48326055312954874,,0.050946142649199416
woman26photo5,0.1124880838894185,0.340324118207817,0.4880838894184938,0.030505243088655862,0.028598665395614873
woman26photo6,,,,,
woman27photo1,0.24307692307692308,0.3669230769230769,0.31461538461538463,0.023846153846153847,0.05153846153846154
woman28photo0,0.19264544456641053,0.3572996706915478,0.4138309549945115,0.005488474204171241,0.030735455543358946
woman28photo1,0.3111979166666667,0.3359375,0.3001302083333333,0.0006510416666666666,0.052083333333333336
woman28photo2,0.22916666666666666,0.37430555555555556,0.25416666666666665,0.011111111111111112,0.13125
woman28photo3,0.3192632386799693,0.27398311588641594,0.32041442824251726,0.01419800460475825,0.07214121258633922
woman28photo4,0.2717491546264986,0.31386412542268677,0.3095604057792807,0.014448201660006148,0.09037811251152782
woman29photo0,0.09369024856596558,0.4808795411089866,0.40535372848948376,,0.020076481835564052
woman29photo1,0.19591141396933562,0.21635434412265758,0.5468483816013628,0.005110732538330494,0.03577512776831346
woman29photo2,0.3738532110091743,0.12958715596330275,0.43922018348623854,,0.05733944954128441
woman30photo0,0.13012221423436376,0.353882099209202,0.5061107117181883,0.00017972681524083394,0.009705248023005032
woman30photo1,,,,,1.0
woman30photo4,0.03481624758220503,0.04932301740812379,0.8955512572533849,,0.020309477756286266
woman31photo0,0.038560411311053984,0.1953727506426735,0.6670951156812339,0.05398457583547558,0.04498714652956298
woman31photo1,0.12280701754385964,0.15789473684210525,0.6842105263157895,,0.03508771929824561
woman31photo2,0.051429838173354024,0.23985812458434938,0.6998448237641322,0.002438483706495234,0.006428729771669253
woman31photo3,0.1568627450980392,0.21568627450980393,0.09803921568627451,0.29411764705882354,0.23529411764705882
woman31photo4,0.16544592847910383,0.48707453683757,0.31107281344248167,0.02068074105988798,0.015725980180956483
woman31photo5,0.07094829584975655,0.3732900533271505,0.5462555066079295,,0.00950614421516346
woman32photo7,,,,,
woman33photo0,,,,,
woman33photo1,0.2894736842105263,0.3026315789473684,0.15789473684210525,0.013157894736842105,0.23684210526315788
woman33photo3,0.20477815699658702,0.18771331058020477,0.5358361774744027,0.023890784982935155,0.04778156996587031
woman33photo5,0.2611111111111111,0.21666666666666667,0.3388888888888889,0.11666666666666667,0.06666666666666667
woman33photo7,0.03315963998105163,0.01468498342018001,0.4130743723353861,0.5187115111321648,0.02036949313121743
woman35photo0,0.43670886075949367,0.26582278481012656,0.14240506329113925,0.0031645569620253164,0.1518987341772152
woman35photo1,0.05254564346148137,0.1509573994359507,0.783583197268814,0.0007421701053881549,0.012171589728365741
woman35photo4,0.05042016806722689,0.10084033613445378,0.7983193277310925,,0.05042016806722689
woman37photo0,0.47591836734693876,0.1579591836734694,0.34959183673469385,0.00040816326530612246,0.016122448979591836
woman37photo1,0.3484298226874599,0.206579790643025,0.3185216834009827,0.008545182653279214,0.11792352061525316
woman37photo2,0.27055241409308395,0.23647962882412643,0.40336378135421197,0.008119472234304771,0.08148470349427288
woman40photo3,0.12781954887218044,0.21804511278195488,0.5864661654135338,,0.06766917293233082
woman41photo1,0.1596009975062344,0.13341645885286782,0.29052369077306733,0.34538653366583544,0.07107231920199501
woman41photo3,0.09939759036144578,0.16566265060240964,0.4427710843373494,0.23795180722891565,0.05421686746987952
woman42photo0,0.298210064167511,0.15231340763255657,0.430935494765282,,0.11854103343465046
woman42photo1,0.04133064516129032,0.07661290322580645,0.8618951612903226,,0.020161290322580645
woman43photo0,0.2032520325203252,0.34494773519163763,0.41114982578397213,0.005807200929152149,0.03484320557491289
woman43photo1,0.30749682337992373,0.34561626429479037,0.2947903430749682,0.0006353240152477764,0.05146124523506988
woman43photo2,0.22331460674157302,0.37359550561797755,0.25491573033707865,0.011235955056179775,0.136938202247191
woman43photo3,0.319369715603382,0.2751729438893159,0.3178324365872406,0.014219830899308224,0.07340507302075326
woman43photo4,0.27113433753458344,0.31540116815247465,0.3092529972333231,0.014448201660006148,0.08976329541961267
woman44photo2,0.2980392156862745,0.19215686274509805,0.41568627450980394,0.01568627450980392,0.0784313725490196
woman45photo1,0.1683673469387755,0.14285714285714285,0.39285714285714285,0.00510204081632653,0.29081632653061223
woman45photo2,0.2736318407960199,0.39303482587064675,0.2835820895522388,,0.04975124378109453
woman45photo8,0.1440185830429733,0.3478513356562137,0.48548199767711964,,0.02264808362369338
woman46photo1,0.015861571737563085,0.06236481614996395,0.9051910598413843,0.0014419610670511895,0.01514059120403749
woman47photo2,0.2644544997486174,0.27853192559074913,0.12066365007541478,0.2931121166415284,0.043237807943690296
woman48photo0,0.1267175572519084,0.11603053435114503,0.7374045801526717,,0.01984732824427481
woman49photo0,0.20267131242741,0.34494773519163763,0.41114982578397213,0.005807200929152149,0.03542392566782811
woman49photo1,0.3111979166666667,0.3359375,0.3001302083333333,0.0006510416666666666,0.052083333333333336
woman49photo2,0.21428571428571427,0.32321428571428573,0.29017857142857145,0.014285714285714285,0.15803571428571428
woman49photo3,0.3206312548113934,0.2721324095458045,0.3183217859892225,0.01424172440338722,0.07467282525019246
woman49photo4,0.2720271102895872,0.3139248305606901,0.3099199014171288,0.014171287738755391,0.08995686999383858
woman50photo1,0.1476923076923077,0.3523076923076923,0.4107692307692308,0.026153846153846153,0.06307692307692307
woman50photo4,0.10430839002267574,0.24263038548752835,0.5124716553287982,0.09297052154195011,0.047619047619047616
woman51photo3,0.13270142180094788,0.35969069593414815,0.33424794213020703,0.1608880019955101,0.012471938139186829
woman51photo4,0.08714408973252805,0.46764452113891286,0.33045729076790337,0.08239861949956859,0.032355478861087146
woman51photo6,0.12675018422991893,0.26676492262343404,0.46868091378039795,0.08179808400884303,0.05600589535740604
woman52photo1,0.07647058823529412,0.4676470588235294,0.4235294117647059,,0.03235294117647059
woman52photo2,0.04523107177974434,0.14060963618485742,0.7885939036381514,0.0029498525073746312,0.02261553588987217
woman52photo3,0.031462281015373614,0.07901322845906328,0.8641401501608866,0.011083303539506614,0.014301036825169824
woman52photo4,0.04657534246575343,0.138013698630137,0.7791095890410958,0.013013698630136987,0.023287671232876714
woman53photo2,0.10652920962199312,0.33505154639175255,0.4381443298969072,0.09106529209621993,0.029209621993127148
woman53photo6,0.35150375939849626,0.35150375939849626,0.20770676691729323,0.013157894736842105,0.07612781954887218
woman54photo0,0.10959681998864282,0.24815445769449176,0.4338444065871664,0.04770017035775128,0.16070414537194777
woman54photo2,0.08245445829338446,0.3566634707574305,0.50143815915628,0.0364333652924257,0.023010546500479387
woman55photo5,0.38384512683578104,0.35113484646194926,0.22563417890520696,0.01602136181575434,0.02336448598130841
woman57photo2,0.05226480836236934,0.10452961672473868,0.7560975609756098,0.010452961672473868,0.07665505226480836
woman58photo4,0.11375661375661375,0.18027210884353742,0.690854119425548,0.0007558578987150416,0.01436130007558579
woman59photo0,0.2560747663551402,0.34579439252336447,0.3514018691588785,,0.04672897196261682
woman59photo2,0.23094170403587444,0.2103139013452915,0.4349775784753363,0.01210762331838565,0.11165919282511211
woman61photo0,0.10982658959537572,0.37572254335260113,0.3988439306358382,0.07514450867052024,0.04046242774566474
woman61photo3,0.06474820143884892,0.02877697841726619,0.7014388489208633,0.17266187050359713,0.03237410071942446
woman61photo4,0.048005409060175794,0.2129817444219067,0.7234617985125085,0.002704530087897228,0.012846517917511832
woman62photo2,,,,,
woman63photo0,0.20267131242741,0.34552845528455284,0.41114982578397213,0.005807200929152149,0.03484320557491289
woman63photo1,0.31245923026744943,0.3333333333333333,0.30071754729288974,0.0006523157208088715,0.05283757338551859
woman63photo2,0.21972318339100347,0.32525951557093424,0.2811418685121107,0.01384083044982699,0.16003460207612458
woman63photo3,0.3192632386799693,0.27398311588641594,0.32041442824251726,0.01419800460475825,0.07214121258633922
woman63photo4,0.2709677419354839,0.3155145929339478,0.30906298003072197,0.0141321044546851,0.09032258064516129
woman64photo4,0.13559322033898305,0.3135593220338983,0.4406779661016949,,0.11016949152542373
woman65photo3,0.2911369740376007,0.07967770814682185,0.5681289167412713,0.0007162041181736795,0.0603401969561325
woman65photo4,0.44159339673425446,0.17082361385250314,0.34972187331778215,0.0007177462766911897,0.03714336981876906
woman65photo5,0.15650741350906094,0.3543840380743181,0.47574592714625663,,0.013362621270364269
woman65photo6,,,,,
woman66photo1,0.21262458471760798,0.3687707641196013,0.3388704318936877,,0.07973421926910298
woman66photo2,0.06865741829296967,0.33458735010580765,0.577004467434752,0.00423230660710087,0.015518457559369857
woman68photo1,0.22380952380952382,0.2357142857142857,0.2976190476190476,0.047619047619047616,0.19523809523809524
woman68photo2,0.2815126050420168,0.3235294117647059,0.31092436974789917,,0.08403361344537816
woman68photo3,0.3638676844783715,0.5114503816793893,0.07633587786259542,,0.04834605597964377
woman68photo5,0.3433734939759036,0.5,0.1144578313253012,,0.04216867469879518
woman71photo0,0.24543647207663113,0.053135731068136634,0.2130851256099765,0.4456894993674318,0.04265317187782396
woman71photo1,0.0887401304497082,0.16872639890147614,0.7107792653621696,0.021970477171301066,0.009783728115345005
woman73photo4,0.17151932239280043,0.5156167284277395,0.22869242985706723,0.06246691371095818,0.02170460561143462
woman74photo0,0.17628408370323398,0.21686746987951808,0.48573240329740014,0.04502219403931516,0.07609384908053266
woman74photo1,0.021437198067632852,0.0981280193236715,0.8716787439613527,,0.008756038647342996
woman74photo3,0.01784197111299915,0.23874256584536957,0.7272727272727273,,0.016142735768903994
woman75photo1,,,,,
woman76photo1,0.11944869831546708,0.4211332312404288,0.23583460949464014,0.1807044410413476,0.042879019908116385
woman76photo2,0.31221374045801525,0.1683206106870229,0.025190839694656488,0.4416030534351145,0.05267175572519084
woman76photo3,0.1897023086269745,0.29328675577156743,0.5006075334143378,0.0004556500607533414,0.01594775212636695
woman76photo4,0.1546572934973638,0.408904510837727,0.4112478031634446,,0.025190392501464556
woman77photo0,0.4393939393939394,0.23863636363636365,0.17234848484848486,,0.14962121212121213
woman78photo0,0.04356435643564356,0.2462046204620462,0.6805280528052805,0.0033003300330033004,0.026402640264026403
woman78photo3,,,,,
woman78photo5,,,,,
woman79photo3,0.060209424083769635,0.12041884816753927,0.5078534031413613,0.2591623036649215,0.05235602094240838
woman80photo1,0.0427807486631016,0.31016042780748665,0.6203208556149733,,0.026737967914438502
woman80photo2,0.041666666666666664,0.1867816091954023,0.7298850574712644,,0.041666666666666664
woman81photo0,0.2373453318335208,0.15523059617547807,0.09336332958380203,0.2452193475815523,0.2688413948256468
woman81photo2,0.047619047619047616,0.20952380952380953,0.6190476190476191,,0.12380952380952381
woman81photo6,,,,,
woman81photo8,0.16729424421732114,0.3587950511027434,0.3986013986013986,0.005917159763313609,0.06939214631522324
woman83photo1,0.10352673492605233,0.11262798634812286,0.745164960182025,,0.038680318543799774
woman84photo0,0.35412026726057905,0.24944320712694878,0.18485523385300667,0.015590200445434299,0.19599109131403117
woman84photo1,0.07005253940455342,0.5674255691768827,0.2819614711033275,0.03152364273204904,0.04903677758318739
woman84photo2,0.2982456140350877,0.2957393483709273,0.18546365914786966,0.045112781954887216,0.17543859649122806
woman84photo4,0.2533952823445318,0.33559685489635455,0.318084345961401,0.0025017869907076485,0.090421729807005
woman84photo5,0.07134006018764383,0.2621702956275447,0.6562223402372102,,0.010267303947601345
woman84photo6,0.4296600234466589,0.28839390386869873,0.21512309495896834,0.01406799531066823,0.05275498241500586
woman84photo7,0.3729060451565914,0.21194464675892208,0.30535324107793155,0.01584122359796067,0.09395484340859432
woman85photo0,0.0963855421686747,0.41204819277108434,0.4602409638554217,,0.03132530120481928
woman85photo1,0.1878654970760234,0.21271929824561403,0.46710526315789475,0.0014619883040935672,0.13084795321637427
woman86photo1,,,,,
woman87photo2,0.16936554287231217,0.34642951951154766,0.11760021237058667,0.16989646933899655,0.19670825590655694
woman87photo4,0.3328321961373887,0.15970856944605066,0.45495547588759105,0.0304151728923326,0.022088585636636984
woman88photo0,,,,,
woman88photo3,0.22510094212651413,0.398721399730821,0.22812920592193808,,0.1480484522207268
woman89photo1,0.27259684361549497,0.2065997130559541,0.18938307030129126,0.07604017216642754,0.25538020086083213
woman89photo2,0.2903225806451613,0.2998805256869773,0.37335722819593786,,0.03643966547192354
woman89photo3,0.21544526901669758,0.3682745825602968,0.3942486085343228,0.012987012987012988,0.009044526901669759
woman89photo6,0.1662912912912913,0.1816816816816817,0.5172672672672672,0.12012012012012012,0.01463963963963964
woman90photo1,0.09870550161812297,0.4255663430420712,0.2459546925566343,0.18770226537216828,0.042071197411003236
woman90photo2,0.3116883116883117,0.16844919786096257,0.025210084033613446,0.4419404125286478,0.052711993888464474
woman90photo3,0.18807826482633097,0.29303807068102533,0.5018959502502655,0.0004550280600637039,0.016532686182314574
woman90photo4,0.1546572934973638,0.408904510837727,0.4112478031634446,,0.025190392501464556
woman91photo1,0.08984231756508984,0.33186651998533184,0.5562889622295563,0.0007334066740007334,0.021268793546021268
woman91photo2,0.12937293729372937,0.2881188118811881,0.5663366336633663,0.0013201320132013201,0.01485148514851485
woman91photo3,0.19588512644663522,0.13116159451350193,0.5863694813544792,0.006858122588941277,0.07972567509644235
woman91photo4,0.13284132841328414,0.1974169741697417,0.24354243542435425,0.2158671586715867,0.21033210332103322
woman92photo1,0.3181818181818182,0.5,,,0.18181818181818182
woman93photo1,0.270020964360587,0.13934311670160726,0.56701607267645,0.004612159329140462,0.019007686932215235
woman94photo0,,,,,
woman94photo1,0.07147456535737283,0.08177720540888603,0.6052801030264006,0.21442369607211847,0.02704443013522215
woman94photo3,0.05084745762711865,0.0480225988700565,0.8870056497175142,,0.014124293785310734
woman94photo4,0.06665113027266371,0.07317641575390352,0.7674201817758098,,0.09275227219762293
woman96photo0,0.10984345980366145,0.3451843990448395,0.530910055717697,0.003183868400106129,0.010878217033695941
woman96photo1,0.27697841726618705,0.1510791366906475,0.3776978417266187,0.1223021582733813,0.07194244604316546
woman96photo2,0.12241813602015113,0.30075566750629723,0.5193954659949622,0.0020151133501259445,0.055415617128463476
woman96photo4,0.20803140096618358,0.18810386473429952,0.5830314009661836,,0.020833333333333332
woman97photo1,0.0967741935483871,0.4258064516129032,0.2467741935483871,0.1870967741935484,0.043548387096774194
woman97photo2,0.3118320610687023,0.16793893129770993,0.025190839694656488,0.4416030534351145,0.05343511450381679
woman97photo3,0.18888551472821136,0.29380504099605226,0.5006073489219557,0.00045551169146674765,0.016246583662314
woman97photo4,0.15926583777383066,0.4126702190645352,0.40260509177027826,,0.02545885139135583
woman98photo0,0.02766531713900135,0.18758434547908232,0.7611336032388664,0.001349527665317139,0.022267206477732792
woman98photo3,,,,,
woman99photo0,0.04205607476635514,0.2616822429906542,0.6612149532710281,,0.035046728971962614
woman99photo1,0.06158357771260997,0.4662756598240469,0.2756598240469208,0.18475073313782991,0.011730205278592375
woman99photo7,0.07377049180327869,0.1598360655737705,0.7131147540983607,,0.05327868852459016
woman99photo8,0.06659110229526778,0.2847832247095494,0.5389628790025502,0.0974780391045622,0.012184754888070274
woman100photo0,0.31746031746031744,0.15674603174603174,0.24603174603174602,0.24206349206349206,0.037698412698412696
woman100photo1,,,,,
woman100photo5,0.13881401617250674,0.20754716981132076,0.31536388140161725,0.29380053908355797,0.0444743935309973
woman100photo6,0.14976415094339623,0.4716981132075472,0.25825471698113206,0.07900943396226415,0.041273584905660375
woman101photo1,0.09271523178807947,0.4139072847682119,0.39403973509933776,,0.09933774834437085
woman101photo4,0.5481481481481482,0.345679012345679,0.037037037037037035,,0.0691358024691358
woman101photo5,0.14285714285714285,0.6071428571428571,0.16428571428571428,,0.08571428571428572
woman102photo0,0.11647555823777912,0.4782739891369946,0.35727217863608934,0.0006035003017501509,0.047374773687386844
woman102photo4,0.07633587786259542,0.16793893129770993,0.6793893129770993,,0.07633587786259542
woman103photo0,0.17341040462427745,0.33236994219653176,0.3583815028901734,0.09248554913294797,0.04335260115606936
woman103photo2,0.03765690376569038,0.5062761506276151,0.401673640167364,,0.05439330543933055
woman103photo3,0.5191256830601093,0.3633879781420765,0.06284153005464481,,0.0546448087431694
woman104photo0,0.24806201550387597,0.2364341085271318,0.07493540051679587,0.24935400516795866,0.19121447028423771
woman104photo3,0.050274725274725277,0.15796703296703296,0.6939560439560439,0.08928571428571429,0.008516483516483516
woman104photo4,,,,,
woman106photo1,,,,,
woman106photo3,0.34880123743232794,0.07476153647847383,0.5460170146945089,0.0007733952049497294,0.029646816189739623
woman106photo4,0.057692307692307696,0.20085470085470086,0.655982905982906,0.05555555555555555,0.029914529914529916
woman107photo0,0.11363636363636363,0.2727272727272727,0.5849802371541502,0.0014822134387351778,0.02717391304347826
woman107photo1,0.08006535947712418,0.2581699346405229,0.6372549019607843,,0.024509803921568627
woman107photo2,0.05668016194331984,0.08097165991902834,0.8137651821862348,,0.048582995951417005
woman107photo3,,,,,
woman108photo0,0.11290322580645161,0.27419354838709675,0.5403225806451613,,0.07258064516129033
woman108photo1,,,,,
woman110photo0,0.2286401925391095,0.10589651022864019,0.07340553549939831,0.3164861612515042,0.27557160048134777
woman110photo2,0.22861803775343742,0.1412258214868329,0.1829410393847588,0.4218130971801445,0.02540200419482638
woman110photo3,0.3448124588725598,0.32748409738977846,0.2862469839877166,0.018644439570081158,0.022812020179864004
woman111photo1,0.0871559633027523,0.3394495412844037,0.34174311926605505,0.13761467889908258,0.09403669724770643
woman111photo2,0.3402653280745787,0.15166726425242022,0.023305844388669773,0.44352814628899245,0.041233416995338834
woman111photo3,0.18761274804570055,0.29028863499699337,0.5052615754660252,0.0004509921828021648,0.016386049308478652
woman111photo4,0.16322815533980584,0.39927184466019416,0.41140776699029125,,0.026092233009708737
woman112photo0,0.2171945701357466,0.42081447963800905,0.33031674208144796,,0.03167420814479638
woman112photo4,0.3142857142857143,0.42857142857142855,0.11428571428571428,,0.14285714285714285
woman113photo1,0.1182108626198083,0.8498402555910544,0.009584664536741214,,0.022364217252396165
woman113photo2,0.11919831223628692,0.4240506329113924,0.4040084388185654,0.017932489451476793,0.03481012658227848
woman114photo2,0.043593130779392336,0.08850726552179657,0.8348745046235139,0.001321003963011889,0.031704095112285335
woman114photo4,0.47746478873239434,0.21549295774647886,0.17746478873239438,0.020422535211267606,0.10915492957746478
woman114photo6,0.26198695818948986,0.23858841580360568,0.45569620253164556,,0.04372842347525892
woman115photo4,0.1919409412488465,0.21070439864657028,0.42817594586281144,0.014764687788372808,0.15441402645339897
woman116photo1,0.04584040747028863,0.15619694397283532,0.6638370118845501,0.10865874363327674,0.025466893039049237
woman116photo6,0.07102272727272728,0.29545454545454547,0.5653409090909091,,0.06818181818181818
woman118photo1,,,,,
woman118photo5,0.3578214059531349,0.2773907536415453,0.2602913236225459,0.05383153894870171,0.0506649778340722
woman118photo7,0.04,0.205,0.5164285714285715,0.2092857142857143,0.029285714285714286
woman119photo1,0.20152091254752852,0.4695817490494297,0.12737642585551331,0.15399239543726237,0.04752851711026616
woman119photo3,0.06397306397306397,0.4781144781144781,0.4377104377104377,,0.020202020202020204
woman120photo1,0.15079365079365079,0.4880952380952381,0.2857142857142857,0.047619047619047616,0.027777777777777776
woman121photo1,0.0446927374301676,0.3575418994413408,0.4022346368715084,0.13687150837988826,0.05865921787709497
woman121photo2,0.34183123877917415,0.15152603231597844,0.02333931777378815,0.44416517055655297,0.03913824057450628
woman121photo3,0.18936977980258163,0.2935459377372817,0.5005315110098709,0.00045558086560364467,0.01609719058466211
woman121photo4,0.15148063781321183,0.39806378132118453,0.42482915717539865,,0.02562642369020501
woman122photo2,,,,,
woman122photo4,,,,,
woman123photo3,0.08333333333333333,0.2838983050847458,0.1963276836158192,0.3898305084745763,0.046610169491525424
woman123photo4,0.25163398692810457,0.1503267973856209,0.5522875816993464,0.0016339869281045752,0.04411764705882353
woman123photo6,0.23455210237659962,0.3319926873857404,0.39488117001828155,0.0005484460694698354,0.038025594149908595
woman124photo0,0.04096385542168675,0.18072289156626506,0.7654618473895582,,0.01285140562248996
woman124photo1,0.14622057001239158,0.19578686493184635,0.6245353159851301,0.007434944237918215,0.026022304832713755
woman125photo1,0.0871559633027523,0.3532110091743119,0.34174311926605505,0.1353211009174312,0.08256880733944955
woman125photo2,0.34001431639226914,0.15139584824624194,0.023264137437365783,0.4427344309234073,0.04259126700071582
woman125photo3,0.18837279902853674,0.294474802671524,0.5003035822707954,0.0004553734061930783,0.01639344262295082
woman125photo4,0.15148063781321183,0.39806378132118453,0.42482915717539865,,0.02562642369020501
woman126photo1,0.03259141494435612,0.12639109697933226,0.7599364069952306,0.058823529411764705,0.022257551669316374
woman126photo2,0.16472303206997085,0.3294460641399417,0.34110787172011664,0.11078717201166181,0.05393586005830904
woman126photo3,0.06630824372759857,0.007168458781362007,0.004480286738351254,0.775089605734767,0.14695340501792115
woman126photo6,0.060175054704595186,0.14442013129102846,0.661925601750547,0.07986870897155361,0.053610503282275714
woman126photo7,0.574468085106383,0.1276595744680851,,,0.2978723404255319
woman127photo0,0.0981012658227848,0.05063291139240506,0.012658227848101266,0.7848101265822784,0.05379746835443038
woman128photo0,0.1801962533452275,0.3835860838537021,0.032114183764495985,0.027653880463871544,0.37644959857270294
woman129photo0,0.21222905208670334,0.28049175024263995,0.4933678421222905,,0.013911355548366224
woman129photo4,0.30303030303030304,0.3881118881118881,0.2727272727272727,,0.03613053613053613
woman132photo0,0.03885003885003885,0.14685314685314685,0.7933177933177933,0.001554001554001554,0.019425019425019424
woman132photo1,0.07543103448275862,0.4331896551724138,0.4375,0.017241379310344827,0.036637931034482756
woman133photo1,0.03963666391412056,0.09826589595375723,0.8075970272502064,0.013212221304706853,0.04128819157720892
woman133photo3,0.16,0.27,0.5,0.02,0.05
woman133photo4,0.07291666666666667,0.5442708333333334,0.2552083333333333,0.07291666666666667,0.0546875
woman133photo7,0.08888888888888889,0.4080808080808081,0.09090909090909091,0.38181818181818183,0.030303030303030304
woman134photo1,,,,,
woman134photo2,,,,,
woman134photo4,0.24836601307189543,0.4684095860566449,0.23529411764705882,,0.04793028322440087
woman136photo0,0.34338138925294887,0.2437745740498034,0.37745740498034075,0.007208387942332897,0.02817824377457405
woman136photo2,0.09745762711864407,0.4661016949152542,0.2966101694915254,0.07203389830508475,0.06779661016949153
woman136photo3,0.05830903790087463,0.10495626822157435,0.7667638483965015,0.04081632653061224,0.029154518950437316
woman137photo4,0.03001819284414797,0.10703456640388113,0.78077622801698,0.06852637962401456,0.01364463311097635
woman138photo1,0.04172274562584118,0.08209959623149395,0.8586810228802153,,0.017496635262449527
woman139photo0,0.2702702702702703,0.49324324324324326,0.19144144144144143,,0.04504504504504504
woman139photo4,0.03717472118959108,0.2379182156133829,0.5898389095415117,0.10780669144981413,0.027261462205700124
woman140photo1,0.07834101382488479,0.3548387096774194,0.3433179723502304,0.1359447004608295,0.08755760368663594
woman140photo2,0.3384892086330935,0.15215827338129495,0.023381294964028777,0.4446043165467626,0.04136690647482014
woman140photo3,0.18817285822592875,0.2940106141015921,0.5009855951478392,0.0004548900682335102,0.016376042456406368
woman140photo4,0.15733647613435475,0.41072480848556275,0.4065998821449617,,0.025338833235120803
woman141photo0,0.39927623642943305,0.13268998793727382,0.17611580217129072,0.006031363088057901,0.2858866103739445
woman141photo2,0.21904761904761905,0.42857142857142855,0.1523809523809524,0.009523809523809525,0.19047619047619047
woman142photo0,0.07635597682991048,0.2945409864841144,0.588204318062138,0.008249956117254695,0.03264876250658241
woman142photo4,0.07547169811320754,0.20047169811320756,0.5825471698113207,0.09433962264150944,0.04716981132075472
woman143photo1,0.0380952380952381,0.0380952380952381,0.8803571428571428,0.017261904761904763,0.02619047619047619
woman143photo2,0.10526315789473684,0.25146198830409355,0.5730994152046783,,0.07017543859649122
woman143photo3,0.06634304207119741,0.3187702265372168,0.5922330097087378,,0.022653721682847898
woman143photo4,0.18461538461538463,0.41025641025641024,0.2717948717948718,0.03076923076923077,0.10256410256410256
woman143photo5,0.09070548712206047,0.5778275475923852,0.2541993281075028,0.05823068309070549,0.019036954087346025
woman144photo0,0.21357409713574096,0.4526774595267746,0.3138231631382316,0.0012453300124533001,0.0186799501867995
woman144photo3,0.46361746361746364,0.34303534303534305,0.1288981288981289,,0.06444906444906445
woman146photo2,0.028172348484848484,0.12523674242424243,0.8399621212121212,,0.006628787878787879
woman146photo5,,,,,
woman147photo1,0.12232415902140673,0.41743119266055045,0.23547400611620795,0.18042813455657492,0.04434250764525994
woman147photo2,0.16932515337423312,0.14846625766871166,0.03374233128834356,0.5950920245398773,0.05337423312883435
woman147photo3,0.18876233864844344,0.2941533788914199,0.5005315110098709,0.00045558086560364467,0.01609719058466211
woman147photo4,0.16418835192069392,0.42874845105328374,0.3853779429987608,,0.02168525402726146
woman148photo1,0.04262295081967213,0.20327868852459016,0.6950819672131148,,0.05901639344262295
woman148photo2,0.24125452352231605,0.32569360675512665,0.3944511459589867,0.009650180940892641,0.028950542822677925
woman149photo5,0.04194260485651214,0.11479028697571744,0.8300220750551877,,0.013245033112582781
woman153photo2,0.0706713780918728,0.4293286219081272,0.4628975265017668,,0.037102473498233215
woman153photo3,0.1283051582141309,0.164716081491114,0.6618985695708712,0.002167316861725184,0.04291287386215865
woman153photo4,0.0709812108559499,0.5177453027139874,0.3862212943632568,,0.025052192066805846
woman153photo5,0.1885014137606032,0.2299717247879359,0.3901979264844486,0.14043355325164938,0.05089538171536286
woman154photo0,0.10015731515469324,0.23754588358678552,0.6067121132669113,0.0026219192448872575,0.0529627687467226
woman154photo6,0.2096317280453258,0.20113314447592068,0.45609065155807366,0.039660056657223795,0.09348441926345609
woman155photo2,,,,,
woman155photo4,0.19815668202764977,0.2903225806451613,0.4377880184331797,,0.07373271889400922
woman155photo5,0.07058823529411765,0.27058823529411763,0.611764705882353,,0.047058823529411764
woman156photo2,0.4536741214057508,0.3450479233226837,0.06389776357827476,0.01597444089456869,0.12140575079872204
woman156photo3,0.2930232558139535,0.386046511627907,0.21395348837209302,,0.10697674418604651
woman157photo0,,,,,
woman157photo3,0.04387291981845688,0.09984871406959153,0.8245083207261724,,0.03177004538577912
woman157photo4,0.29971988795518206,0.19047619047619047,0.36134453781512604,0.04481792717086835,0.10364145658263306
woman158photo1,0.17412217412217412,0.26406926406926406,0.3953823953823954,0.12457912457912458,0.04184704184704185
woman159photo1,0.09838709677419355,0.42096774193548386,0.2467741935483871,0.1870967741935484,0.0467741935483871
woman159photo2,0.1694915254237288,0.14769975786924938,0.033292978208232446,0.5871670702179177,0.06234866828087167
woman159photo3,0.18936977980258163,0.2935459377372817,0.5005315110098709,0.00045558086560364467,0.01609719058466211
woman159photo4,0.15425219941348975,0.4117302052785924,0.4093841642228739,,0.02463343108504399
woman161photo1,0.1287001287001287,0.2767052767052767,0.5456885456885456,0.010296010296010296,0.03861003861003861
woman161photo2,0.12366517395797451,0.28866689631415776,0.4485015501205649,0.10678608336203926,0.03238029624526352
woman161photo3,,,,,
woman161photo5,0.4881889763779528,0.1837270341207349,0.1968503937007874,0.07874015748031496,0.05249343832020997
woman163photo1,0.34615384615384615,0.2651821862348178,0.3350202429149798,0.003036437246963563,0.05060728744939271
woman163photo2,0.30084348641049674,0.29896907216494845,0.3477038425492034,0.0018744142455482662,0.05060918462980318
woman164photo0,0.21929824561403508,0.1442495126705653,0.3791423001949318,0.10721247563352826,0.15009746588693956
woman164photo2,0.12040133779264214,0.5919732441471572,0.25418060200668896,,0.033444816053511704
woman165photo0,,,,,
woman165photo2,0.05997931747673216,0.24301964839710444,0.5036194415718718,0.16649431230610134,0.02688728024819028
woman165photo3,,,,,
woman165photo4,0.08659217877094973,0.22625698324022347,0.6508379888268156,,0.036312849162011177
woman166photo5,0.2757475083056478,0.22591362126245848,0.3754152823920266,,0.12292358803986711
woman166photo6,,,,,
woman167photo2,0.07721423164269493,0.09538228614685844,0.7819833459500378,0.002271006813020439,0.04314912944738834
woman168photo2,0.49190283400809715,0.31376518218623484,0.06983805668016195,0.011133603238866396,0.11336032388663968
woman168photo5,0.37677484787018256,0.3869168356997972,0.019269776876267748,,0.21703853955375255
woman169photo0,0.06268806419257773,0.21915747241725175,0.6163490471414242,0.07622868605817452,0.025576730190571714
woman169photo3,0.06451612903225806,0.07741935483870968,0.14193548387096774,0.6451612903225806,0.07096774193548387
woman169photo4,0.016653061224489795,0.19314285714285714,0.7761632653061225,0.006530612244897959,0.007510204081632653
woman169photo5,0.20567375886524822,0.524822695035461,0.24113475177304963,,0.028368794326241134
woman170photo2,0.10500832198517174,0.6043274322893024,0.28113178998335603,,0.009532455742169769
woman172photo1,0.25,0.16666666666666666,0.5,,0.08333333333333333
woman173photo1,0.0446927374301676,0.36033519553072624,0.39664804469273746,0.13687150837988826,0.061452513966480445
woman173photo2,0.33638282899366645,0.15833919774806474,0.02322308233638283,0.43596059113300495,0.04609429978888107
woman173photo3,0.18804067385035667,0.29473364698740323,0.5002276521475186,0.0004553042950371832,0.016542722719684322
woman173photo4,0.1577398469688052,0.4078869923484403,0.4084755738669806,,0.025897586815773983
woman175photo1,0.3786407766990291,0.4077669902912621,0.11650485436893204,0.009708737864077669,0.08737864077669903
woman175photo4,0.11187072715972654,0.3113735239279055,0.5152268489745183,0.024238657551274082,0.037290242386575516
woman177photo0,0.2513698630136986,0.3773972602739726,0.34863013698630135,,0.022602739726027398
woman177photo1,0.2318840579710145,0.19927536231884058,0.2644927536231884,0.2572463768115942,0.04710144927536232
woman177photo2,0.04367816091954023,0.0896551724137931,0.6882758620689655,0.16091954022988506,0.01747126436781609
woman179photo4,,,,,
woman180photo0,0.43010752688172044,0.4157706093189964,0.010752688172043012,0.02867383512544803,0.11469534050179211
woman180photo2,0.04620094628444197,0.1377678819927637,0.3250765377122182,0.46006123016977457,0.03089340384080156
woman180photo5,,,,,
woman180photo6,0.11382113821138211,0.34552845528455284,0.5,,0.04065040650406504
woman180photo7,0.20047923322683706,0.4273162939297125,0.3274760383386581,0.0231629392971246,0.02156549520766773
woman181photo1,0.0446927374301676,0.3575418994413408,0.4022346368715084,0.13687150837988826,0.05865921787709497
woman181photo2,0.3400924937744575,0.1511917467093561,0.02312344361437211,0.44005691924581997,0.045535396655994306
woman181photo3,0.1897023086269745,0.29328675577156743,0.5006075334143378,0.0004556500607533414,0.01594775212636695
woman181photo4,0.15693215339233038,0.41474926253687316,0.40353982300884955,,0.024778761061946902
woman182photo0,0.1655773420479303,0.2167755991285403,0.4941902687000726,0.09985475671750181,0.023602033405954976
woman183photo2,0.7441860465116279,0.023255813953488372,,,0.23255813953488372
woman184photo0,0.30134680134680136,0.25757575757575757,0.3838383838383838,,0.05723905723905724
woman184photo4,0.04539951573849879,0.13196125907990314,0.7953995157384988,0.00423728813559322,0.023002421307506054
woman185photo1,0.44106745737583397,0.49184581171237957,0.010378057820607857,,0.05670867309117865
woman185photo2,0.1890577507598784,0.39594731509625125,0.3667679837892604,0.01904761904761905,0.02917933130699088
woman185photo3,0.2570621468926554,0.3192090395480226,0.3728813559322034,,0.05084745762711865
woman185photo6,0.11016949152542373,0.2542372881355932,0.5677966101694916,,0.06779661016949153
